2374
2837
11436
545963
776062
1447861
3707094
4982437
5857818
6458736
9686559
13196472
16160568
35649222
37858437
38238368
38571217
48311062
75932661
112480538
120463714
162011163
234317494
242926441
324824684
387794998
478006236
559101794
575960534
843316493
872764562
1042857123
1102242431
1167139337
1557631244
2131526122
2827472748
2995077699
3154030958
3362007206
3579214081
4124983671
4338671716
4468561781
4538621823
4570310559
4586838999
4615808588
4725106248
4868229923
5203666437
5370699372
7908945974
9114254682
10321445323
12026949243
15208692672
15442732369
17020277414
17939446732
18132292868
20574088493
20623568449
21947005538
22789583111
23137301859
23513258942
23531945621
23574123434
23860352921
24084639731
27711445556
27895448441
27945145859
28691295193
28802699366
28901941749
28923037181
30505851171
39685463917
47356445956
81541007184
109081981107
109342965212
130052323367
138294824789
144447843109
152515542782
199284176817
243599520469
274238042213
394715932821
496402097661
498466599981
1016767154919
1137431482947
1219139342084
1293592441832
1812633430913
2487684280988
2579999863591
2830311839712
2947234289218
3356656757249
3782640539316
14122292526459
16562253702823
70757409979309
94116029791839
95305614552414